0.01
0.11183673469387755
0.2136734693877551
0.31551020408163266
0.4173469387755102
0.5191836734693878
0.6210204081632653
0.7228571428571429
0.8246938775510204
0.926530612244898
1.0283673469387755
1.130204081632653
1.2320408163265306
1.3338775510204082
1.4357142857142857
1.5375510204081633
1.6393877551020408
1.7412244897959184
1.843061224489796
1.9448979591836735
2.046734693877551
2.1485714285714286
2.250408163265306
2.3522448979591832
2.454081632653061
2.555918367346939
2.657755102040816
2.7595918367346934
2.861428571428571
2.963265306122449
3.0651020408163263
3.1669387755102036
3.2687755102040814
3.370612244897959
3.4724489795918365
3.574285714285714
3.6761224489795916
3.7779591836734694
3.8797959183673467
3.981632653061224
4.083469387755102
4.18530612244898
4.287142857142857
4.388979591836734
4.490816326530612
4.59265306122449
4.694489795918367
4.7963265306122445
4.898163265306122
5.0
